Statistical Results


VADER
         neg    neu    pos  compound
count  11.00  11.00  11.00     11.00
mean    0.19   0.57   0.24      0.81
std     0.03   0.02   0.03      0.60
min     0.16   0.55   0.19     -1.00
25%     0.17   0.56   0.22      0.99
50%     0.18   0.57   0.24      1.00
75%     0.20   0.58   0.26      1.00
max     0.25   0.61   0.29      1.00


TextBLOB
       polarity  subjectivity
count     11.00         11.00
mean       0.16          0.59
std        0.05          0.04
min        0.05          0.51
25%        0.13          0.58
50%        0.17          0.58
75%        0.19          0.61
max        0.21          0.64


NRC
        fear  anger  anticipation  trust  surprise  positive  negative  sadness  disgust    joy
count  11.00  11.00         11.00  11.00     11.00     11.00     11.00    11.00    11.00  11.00
mean    0.11   0.09          0.09   0.11      0.04      0.20      0.15     0.06     0.06   0.08
std     0.01   0.01          0.01   0.01      0.01      0.02      0.02     0.01     0.01   0.01
min     0.09   0.08          0.08   0.09      0.03      0.16      0.12     0.05     0.05   0.05
25%     0.11   0.09          0.08   0.11      0.03      0.20      0.13     0.06     0.06   0.07
50%     0.11   0.09          0.09   0.12      0.04      0.20      0.15     0.06     0.06   0.08
75%     0.12   0.10          0.10   0.12      0.04      0.21      0.15     0.07     0.06   0.08
max     0.13   0.11          0.11   0.12      0.06      0.22      0.18     0.08     0.07   0.09


